0.032012820512820506 212166670.6841141
0.032129230769230764 225314612550.98904
0.03224564102564102 1692391044699.5847
0.03236205128205128 7233586715864.253
0.03247846153846153 18491662945902.438
0.03259487179487179 31038336996359.85
0.03271128205128205 40008371234393.29
0.0328276923076923 44968661131309.06
0.03294410256410256 47427836546340.195
0.03306051282051282 48628189565684.23
0.033176923076923076 49233751848962.18
0.03329333333333333 49555667715041.72
0.033409743589743586 49736560086916.8
0.033526153846153844 49842993592230.97
0.033642564102564096 49907530206537.07
0.033758974358974354 49946713514309.414
0.03387538461538461 49969166895038.12
0.033991794871794864 49979494331615.66
0.03410820512820512 49979494331620.445
0.03422461538461538 49969166895039.836
0.03434102564102564 49946713514307.75
0.03445743589743589 49907530206537.09
0.03457384615384615 49842993592232.56
0.03469025641025641 49736560086915.43
0.03480666666666666 49555667715040.23
0.03492307692307692 49233751848963.695
0.035039487179487176 48628189565685.81
0.035155897435897435 47427836546338.94
0.035272307692307686 44968661131309.55
0.035388717948717945 40008371234394.67
0.0355051282051282 31038336996360.16
0.035621538461538454 18491662945903.035
0.03573794871794871 7233586715865.158
0.03585435897435897 1692391044699.903
0.03597076923076922 225314612551.08435
0.03608717948717948 212166670.63437387
